2018-07-18 11:10:40.004660wjx:9795.0
jxw:9100
2018-07-18 11:11:40.002365
wjx:9795.0
jxw:9100
